~ 792 766 1053 822 0
~ 809 649 1053 766 0
~ 865 638 1078 649 0
~ 886 514 1078 638 0
~ 865 300 1078 514 0
~ 425 152 1045 300 0
H 381 672 500 830 0
i 509 703 532 824 0
, 544 680 568 706 0
I 299 582 325 709 0
t 334 582 375 691 0
' 351 545 407 713 0
s 410 577 447 667 0
n 449 545 533 713 0
i 486 580 539 671 0
c 547 578 618 668 0
e 625 581 673 668 0
t 714 582 755 691 0
o 760 582 799 668 0
m 314 433 391 521 0
e 400 434 450 522 0
e 457 434 507 522 0
t 512 434 553 544 0
y 590 411 649 519 0
o 652 435 700 521 0
u 708 433 758 520 0
! 768 435 794 562 0
" 12 24 17 34 0
H 19 24 24 34 0
i 26 12 49 34 0
" 50 12 73 34 0
" 82 24 87 34 0
I 89 12 105 34 0
t 106 12 117 31 0
’ 107 12 128 34 0
s 119 12 139 34 0
n 148 12 165 27 0
i 166 12 175 33 0
c 177 12 191 27 0
e 193 12 207 27 0
t 215 12 227 31 0
o 228 12 244 27 0
m 253 12 279 27 0
e 280 12 294 27 0
e 281 12 309 31 0
t 296 12 323 31 0
y 331 6 349 27 0
o 336 6 364 34 0
u 349 12 365 27 0
l 366 12 383 27 0
! 377 6 391 34 0
" 386 12 406 34 0
B 415 12 425 34 0
. 415 12 433 34 0
. 434 12 447 17 0
. 450 12 455 17 0
b 464 12 479 36 0
y 477 6 495 26 0
A 501 12 524 34 0
p 522 6 542 26 0
o 544 12 558 26 0
n 560 12 576 26 0
x 577 12 594 26 0
D 594 12 617 34 0
e 599 6 627 34 0
s 618 12 646 26 0
i 649 12 656 32 0
g 657 6 673 26 0
n 675 12 691 26 0
s 692 12 705 26 0
Z 964 10 993 38 0
a 991 11 1014 31 0
z 1015 11 1038 31 0
z 1019 10 1055 38 0
l 1038 11 1062 31 0
e 1063 11 1095 38 0
